Country
Overall Score
Rank
Electoral process and pluralism
Functioning of government
Political participation
Political culture
Civil liberties
Norway
9.87
1
10.00
9.64
10.00
10.00
9.71
Iceland
9.58
2
10.00
9.29
8.89
10.00
9.71
Sweden
9.39
3
9.58
9.64
8.33
10.00
9.41
New Zealand
9.26
4
10.00
9.29
8.89
8.13
10.00
Finland
9.25
5
10.00
8.93
8.89
8.75
9.71
Ireland
9.24
6
10.00
7.86
8.33
10.00
10.00
Denmark
9.22
7=
10.00
9.29
8.33
9.38
9.12
Canada
9.22
7=
9.58
9.64
7.78
9.38
9.71
Australia
9.09
9
10.00
8.93
7.78
8.75
10.00
Switzerland
9.03
10
9.58
9.29
7.78
9.38
9.12
Netherlands
9.01
11
9.58
9.29
8.33
8.75
9.12
Luxembourg
8.81
12
10.00
8.93
6.67
8.75
9.71
Germany
8.68
13
9.58
8.57
8.33
7.50
9.41
United Kingdom
8.52
14
9.58
7.50
8.89
7.50
9.12
Uruguay
8.38
15
10.00
8.57
6.11
7.50
9.71
Austria
8.29
16=
9.58
7.86
8.33
6.88
8.82
Spain
8.29
16=
9.58
7.14
7.78
8.13
8.82
Mauritius
8.22
18
9.17
8.21
5.56
8.75
9.41
Costa Rica
8.13
19
9.58
7.50
6.67
7.50
9.41
France
8.12
20
9.58
7.86
7.78
6.88
8.53
Chile
8.08
21
9.58
8.57
5.00
8.13
9.12
Portugal
8.03
22
9.58
7.86
6.11
7.50
9.12
South Korea
8.00
23
9.17
7.86
7.22
7.50
8.24
Japan
7.99
24
8.75
8.21
6.67
7.50
8.82
United States of America
7.96
25
9.17
7.14
7.78
7.50
8.24
Malta
7.95
26
9.17
7.50
6.11
8.13
8.82
Estonia
7.90
27
9.58
7.86
6.67
6.88
8.53
Israel
7.86
28
9.17
7.86
8.89
7.50
5.88
Botswana
7.81
29
9.17
7.14
6.11
7.50
9.12
Cabo Verde
7.78
30
9.17
7.36
6.67
6.88
8.82
Taiwan
7.73
31
9.58
8.21
6.11
5.63
9.12
Czech Republic
7.69
32
9.58
6.79
6.67
6.88
8.53
Belgium
7.64
33
9.58
8.21
5.00
6.88
8.53
Cyprus
7.59
34
9.17
6.43
6.67
6.88
8.82
Italy
7.52
35
9.58
6.07
7.78
6.25
7.94
Slovenia
7.50
36=
9.58
6.79
6.67
6.25
8.24
Lithuania
7.50
36=
9.58
6.43
6.11
6.25
9.12
Eritrea
2.37
152
0.00
2.14
1.67
6.88
1.18
China
2.26
153
0.00
4.29
3.33
2.50
1.18
Burundi
2.15
154
0.00
0.07
3.33
5.00
2.35
Laos
2.14
155
0.00
2.86
1.67
5.00
1.18
Libya
2.02
156
0.00
0.00
2.78
4.38
2.94
Uzbekistan
2.01
157
0.08
1.86
2.22
5.00
0.88
Yemen
1.95
158
0.00
0.00
3.89
5.00
0.88
Saudi Arabia
1.93
159=
0.00
2.86
2.22
3.13
1.47
Tajikistan
1.93
159=
0.08
0.79
1.67
6.25
0.88
Equatorial Guinea
1.92
161
0.00
0.43
3.33
4.38
1.47
Turkmenistan
1.72
162
0.00
0.79
2.22
5.00
0.59
Chad
1.61
163
0.00
0.00
1.67
3.75
2.65
Syria
1.43
164
0.00
0.00
2.78
4.38
0.00
Central African Republic
1.32
165
1.25
0.00
1.11
1.88
2.35
Democratic Republic of Congo
1.13
166
0.00
0.00
1.67
3.13
0.88
North Korea
1.08
167
0.00
2.50
1.67
1.25
0.00
